Sequential(
  (0): Sequential(
    (0): Conv2d(1, 6, kernel_size=(3, 3), stride=(1, 1))
    (1): ReLU()
    (2): Conv2d(6, 6, kernel_size=(3, 3), stride=(1, 1), padding=(1, 1))
    (3): ReLU()
    (4): Conv2d(6, 6, kernel_size=(1, 1), stride=(1, 1))
    (5): ReLU()
    (6): Conv2d(6, 6, kernel_size=(1, 1), stride=(1, 1))
    (7): ReLU()
  )
  (1): MaxPool2d(kernel_size=3, stride=2, padding=0, dilation=1, ceil_mode=False)
  (2): Sequential(
    (0): Conv2d(6, 16, kernel_size=(3, 3), stride=(1, 1), padding=(1, 1))
    (1): ReLU()
    (2): Conv2d(16, 16, kernel_size=(3, 3), stride=(1, 1), padding=(1, 1))
    (3): ReLU()
    (4): Conv2d(16, 16, kernel_size=(1, 1), stride=(1, 1))
    (5): ReLU()
    (6): Conv2d(16, 16, kernel_size=(1, 1), stride=(1, 1))
    (7): ReLU()
  )
  (3): MaxPool2d(kernel_size=3, stride=2, padding=0, dilation=1, ceil_mode=False)
  (4): Sequential(
    (0): Conv2d(16, 10, kernel_size=(3, 3), stride=(1, 1), padding=(1, 1))
    (1): ReLU()
    (2): Conv2d(10, 10, kernel_size=(3, 3), stride=(1, 1), padding=(1, 1))
    (3): ReLU()
    (4): Conv2d(10, 10, kernel_size=(1, 1), stride=(1, 1))
    (5): ReLU()
    (6): Conv2d(10, 10, kernel_size=(1, 1), stride=(1, 1))
    (7): ReLU()
  )
  (5): AdaptiveAvgPool2d(output_size=(1, 1))
  (6): Flatten(start_dim=1, end_dim=-1)
)
Sequential(
  (0): Conv2d(1, 6, kernel_size=(3, 3), stride=(1, 1))
  (1): ReLU()
  (2): Conv2d(6, 6, kernel_size=(3, 3), stride=(1, 1), padding=(1, 1))
  (3): ReLU()
  (4): Conv2d(6, 6, kernel_size=(1, 1), stride=(1, 1))
  (5): ReLU()
  (6): Conv2d(6, 6, kernel_size=(1, 1), stride=(1, 1))
  (7): ReLU()
)
tensor([[[[ 288,  316, -523],
          [ 250,  260, -215],
          [ 524,   62, -135]]],


        [[[-536, -792, -619],
          [  52,  407, -624],
          [ 482,  323, -230]]],


        [[[ -69,  -58,  186],
          [-108,  194,  106],
          [ 429,  203,  454]]],


        [[[ 279,  570,  254],
          [ 300,  507,  180],
          [  13,  411,  403]]],


        [[[-233,  794,  710],
          [ 214,  542,  690],
          [ -56,  338,  182]]],


        [[[-218,  610,  304],
          [  49,  423,  178],
          [-492,  649,  -35]]]], device='cuda:0')
tensor([ 285,  220,   54,    4, -523,  240], device='cuda:0',
       grad_fn=<MulBackward0>)
tensor([[[[  -225,    -69,     23],
          [   -90,    108,   -187],
          [   106,    105,     27]],

         [[   196,    191,     11],
          [   201,      4,     34],
          [    43,   -112,   -201]],

         [[   -20,    -77,   -179],
          [  -224,    -88,    119],
          [     0,    191,   -233]],

         [[  -181,     86,   -199],
          [    92,   -110,    -35],
          [   -20,    168,     93]],

         [[    50,    138,     85],
          [     0,   -190,    233],
          [  -227,     88,   -211]],

         [[  -165,     14,    157],
          [  -221,     67,    105],
          [  -110,     52,   -227]]],


        [[[  -103,    318,   -216],
          [   405,    311,      7],
          [   357,     26,    196]],

         [[   -82,   -354,    -95],
          [  -234,   -130,    498],
          [  -205,     57,    320]],

         [[  -188,    268,     21],
          [    10,    210,    -10],
          [   320,    174,   -145]],

         [[   475,    411,    166],
          [   291,    286,   -115],
          [   640,    211,   -169]],

         [[  -563,   -188,    106],
          [  -284,   -699,   -137],
          [  -199,   -465,    -52]],

         [[   275,    116,    -78],
          [   281,    -66,   -267],
          [   638,      7,   -315]]],


        [[[    13,     42,    178],
          [   230,    300,   -291],
          [   -32,     86,    -20]],

         [[  -136,     97,    -68],
          [   -91,    148,      5],
          [  -251,    161,    -30]],

         [[   183,   -123,    109],
          [   236,    180,    141],
          [   202,    156,   -246]],

         [[   149,    318,    112],
          [   370,    -44,    -18],
          [   135,    163,    -29]],

         [[  -160,    186,    359],
          [    99,   -185,     78],
          [  -109,   -319,     -8]],

         [[   207,    327,   -111],
          [   227,   -165,   -122],
          [   218,   -172,   -290]]],


        [[[   107,     42,    508],
          [   197,   -249,     92],
          [   195,    -74,    130]],

         [[   -99,   -347,   -127],
          [  -325,   -287,     28],
          [  -276,   -432,   -298]],

         [[   -49,    -83,    100],
          [   286,    171,     77],
          [   132,   -191,    112]],

         [[   411,    284,    227],
          [   -75,     58,    205],
          [    25,    272,    348]],

         [[     1,   -171,   -347],
          [  -319,    -53,   -320],
          [  -320,   -278,   -201]],

         [[   178,    517,    148],
          [  -342,     98,     -7],
          [  -133,    109,    199]]],


        [[[    45,    219,    241],
          [  -167,    -88,    339],
          [    -1,   -301,    310]],

         [[    64,   -416,   -531],
          [  -286,   -324,   -339],
          [  -100,   -274,   -242]],

         [[   245,     92,   -293],
          [   -59,     -3,    539],
          [   104,    193,    394]],

         [[   331,    177,    254],
          [  -266,    220,    521],
          [  -163,    233,    809]],

         [[  -393,   -184,   -263],
          [  -262,   -270,   -322],
          [  -545,   -195,   -126]],

         [[   242,    303,    264],
          [  -285,     35,    356],
          [  -280,    130,    649]]],


        [[[  -158,   -197,   -142],
          [    79,    129,   -100],
          [   -15,     41,     45]],

         [[    17,    224,    208],
          [  -214,    109,     11],
          [    43,     27,   -144]],

         [[  -105,   -198,    118],
          [   -50,   -199,     38],
          [    19,    -24,      6]],

         [[   198,   -154,   -230],
          [  -178,   -210,    156],
          [    11,   -276,    120]],

         [[    86,    122,    272],
          [  -121,     68,     12],
          [    14,    153,    171]],

         [[  -129,    135,    -79],
          [  -193,    202,   -174],
          [  -105,   -122,      5]]]], device='cuda:0')
tensor([-55,  -3,  21, -45, 233,  42], device='cuda:0', grad_fn=<MulBackward0>)
tensor([[[[ -123]],

         [[ 1109]],

         [[  389]],

         [[   97]],

         [[-1042]],

         [[ -532]]],


        [[[ -710]],

         [[  898]],

         [[   84]],

         [[ -755]],

         [[ -296]],

         [[ -587]]],


        [[[  169]],

         [[  258]],

         [[  525]],

         [[  531]],

         [[  293]],

         [[  341]]],


        [[[   88]],

         [[  583]],

         [[  802]],

         [[  343]],

         [[  -33]],

         [[  424]]],


        [[[ -283]],

         [[ -375]],

         [[ -280]],

         [[  232]],

         [[  415]],

         [[ -308]]],


        [[[  688]],

         [[  789]],

         [[ -287]],

         [[  685]],

         [[  374]],

         [[ -198]]]], device='cuda:0')
tensor([-519,  335, -260, -243,  579, -324], device='cuda:0',
       grad_fn=<MulBackward0>)
tensor([[[[1027]],

         [[ 853]],

         [[-575]],

         [[ 491]],

         [[-160]],

         [[ -83]]],


        [[[-547]],

         [[  55]],

         [[ 684]],

         [[ 977]],

         [[-478]],

         [[1083]]],


        [[[-666]],

         [[-613]],

         [[-592]],

         [[  72]],

         [[-489]],

         [[-263]]],


        [[[-608]],

         [[  34]],

         [[-359]],

         [[-566]],

         [[-467]],

         [[-669]]],


        [[[  95]],

         [[-470]],

         [[-488]],

         [[-382]],

         [[-221]],

         [[ 374]]],


        [[[ 929]],

         [[ 355]],

         [[  70]],

         [[ 800]],

         [[-916]],

         [[-248]]]], device='cuda:0')
tensor([ 250, -109, -242, -104,  152, -924], device='cuda:0',
       grad_fn=<MulBackward0>)
MaxPool2d(kernel_size=3, stride=2, padding=0, dilation=1, ceil_mode=False)
Sequential(
  (0): Conv2d(6, 16, kernel_size=(3, 3), stride=(1, 1), padding=(1, 1))
  (1): ReLU()
  (2): Conv2d(16, 16, kernel_size=(3, 3), stride=(1, 1), padding=(1, 1))
  (3): ReLU()
  (4): Conv2d(16, 16, kernel_size=(1, 1), stride=(1, 1))
  (5): ReLU()
  (6): Conv2d(16, 16, kernel_size=(1, 1), stride=(1, 1))
  (7): ReLU()
)
tensor([[[[   -92,     53,    -37],
          [   157,     93,    -71],
          [   215,    -36,    -94]],

         [[   -52,   -262,    -35],
          [    41,   -295,   -312],
          [   515,    148,    189]],

         [[     6,     65,    136],
          [    82,     50,    162],
          [   110,     -4,    -58]],

         [[   158,    119,     42],
          [   167,    103,   -141],
          [  -154,    -52,     99]],

         [[     8,    133,    151],
          [   161,     12,     -6],
          [   -36,    124,     74]],

         [[   -48,    -90,    -29],
          [   277,   -113,     59],
          [   200,    -62,    155]]],


        [[[   170,     75,     69],
          [   344,    348,    190],
          [    34,    106,    111]],

         [[   391,   -123,   -124],
          [   297,   -313,   -181],
          [  -585,   -303,    274]],

         [[  -171,   -106,    -33],
          [  -132,     16,    173],
          [  -123,     -8,    137]],

         [[  -129,     65,   -164],
          [  -154,    166,    -52],
          [  -136,    -63,    134]],

         [[   -71,    -75,    -96],
          [    89,    -18,    -27],
          [   -92,    -58,     -7]],

         [[    42,   -175,   -297],
          [    21,    128,    104],
          [  -340,   -274,    179]]],


        [[[   -59,     -2,    129],
          [   -45,     58,     92],
          [   117,   -154,    -50]],

         [[   114,   -160,    100],
          [    96,    -48,    -55],
          [  -115,     -8,    -25]],

         [[   -93,    -53,     73],
          [  -167,     65,     62],
          [    50,     35,     25]],

         [[   -37,    113,    -52],
          [   118,   -134,   -169],
          [  -130,   -158,   -141]],

         [[   -98,     52,   -175],
          [    11,   -167,     69],
          [  -126,    178,    -21]],

         [[   -82,    -94,    200],
          [  -124,    -41,    -36],
          [    77,     99,     56]]],


        [[[  -146,      1,    184],
          [  -108,     25,     30],
          [   137,    154,    -55]],

         [[   -30,   -126,    -58],
          [   -23,     94,     93],
          [  -178,   -168,   -132]],

         [[   134,    170,   -142],
          [     5,    136,   -117],
          [   148,     40,     90]],

         [[   -27,    176,   -114],
          [  -103,     -6,    -87],
          [  -173,    134,   -132]],

         [[   166,      7,     73],
          [    40,    -81,    -17],
          [   -54,     55,   -109]],

         [[   -90,    -26,    -27],
          [  -161,    -99,     54],
          [   138,   -109,     64]]],


        [[[   -78,    -95,    -25],
          [   -46,   -108,     22],
          [    28,    -73,    -47]],

         [[   118,     -9,    -48],
          [   155,   -169,     26],
          [   -29,    -18,   -150]],

         [[   116,    101,    162],
          [    81,    -65,    -53],
          [   -90,     -1,     43]],

         [[   -67,    -31,     -0],
          [   152,   -113,    167],
          [  -168,   -111,    -41]],

         [[    29,    121,    -31],
          [    78,   -136,   -122],
          [    54,     35,   -101]],

         [[    90,   -142,    119],
          [   120,   -102,    106],
          [  -127,    136,    -89]]],


        [[[    59,   -139,    -10],
          [   139,    202,     76],
          [   -41,    -52,     31]],

         [[   600,    298,    545],
          [   205,     80,    240],
          [  -440,   -442,   -513]],

         [[    52,    125,    -99],
          [   -53,    -59,   -154],
          [    75,    166,    -31]],

         [[  -143,     94,   -140],
          [    13,   -110,   -141],
          [  -135,   -157,   -147]],

         [[    39,    177,    -15],
          [   -97,    117,    -36],
          [   -43,    146,    176]],

         [[    52,   -101,    116],
          [   -77,    121,    -15],
          [  -171,   -109,    -49]]],


        [[[  -146,     20,     71],
          [  -488,   -118,    -64],
          [    20,   -186,     55]],

         [[   428,    169,    179],
          [   257,    157,    -89],
          [  -314,   -282,     22]],

         [[   -94,     58,    143],
          [  -104,   -171,     40],
          [   121,   -165,    -22]],

         [[   -29,     38,    120],
          [   156,    151,     -2],
          [    27,     27,     -3]],

         [[   -57,    137,    -95],
          [   -48,   -157,    123],
          [    67,   -101,     37]],

         [[  -199,   -154,    144],
          [  -522,   -442,   -461],
          [  -508,   -463,   -396]]],


        [[[   217,    147,     -6],
          [   102,    269,    412],
          [  -147,   -147,     21]],

         [[   152,   -402,    202],
          [   508,   -102,   -140],
          [   197,    -59,    -91]],

         [[   169,    125,     -6],
          [  -104,   -145,   -173],
          [   -36,   -107,    164]],

         [[   160,    -15,     54],
          [    69,    148,   -113],
          [   141,    174,    122]],

         [[   129,   -110,   -154],
          [   -87,    -75,    -49],
          [  -155,    128,   -174]],

         [[   -73,   -180,    -64],
          [   280,    121,    205],
          [  -161,   -235,    -60]]],


        [[[   171,     43,   -126],
          [   -35,    -47,     55],
          [    19,    -32,   -310]],

         [[  -165,    -65,    194],
          [  -407,     60,     91],
          [   414,    675,    212]],

         [[  -138,   -111,   -135],
          [    88,    -81,    -10],
          [   -86,     75,     47]],

         [[   129,    178,     40],
          [    93,    -73,    174],
          [   -47,    -94,   -158]],

         [[   106,   -115,   -162],
          [    27,     48,     67],
          [   106,    141,    151]],

         [[   101,   -194,   -324],
          [  -236,      8,   -308],
          [   -41,    -23,   -252]]],


        [[[    37,    112,    -79],
          [   -17,     97,     53],
          [  -162,    -88,    -20]],

         [[    35,     96,   -205],
          [   145,     30,   -181],
          [    34,     59,   -213]],

         [[   144,      9,   -137],
          [   141,    -27,    171],
          [  -125,    -15,   -128]],

         [[   -62,     67,      1],
          [    19,    -70,    149],
          [   -22,    -88,     -8]],

         [[  -107,   -108,    -82],
          [    81,    103,    122],
          [    69,    -69,    132]],

         [[   -50,    100,    113],
          [  -128,   -164,     17],
          [  -124,     12,     49]]],


        [[[   155,    -30,    239],
          [   403,   -274,    -22],
          [    47,    -67,    228]],

         [[  -506,   -292,    184],
          [  -582,    -22,    872],
          [   207,   -163,     -1]],

         [[   -27,     11,   -164],
          [   113,     97,   -143],
          [   129,   -110,     87]],

         [[  -109,    -10,   -135],
          [   -80,    166,    174],
          [    92,   -158,   -150]],

         [[    82,    -96,   -169],
          [  -153,     59,     80],
          [    32,     32,     27]],

         [[  -104,   -170,    -30],
          [   157,   -127,    228],
          [   -58,    -78,   -362]]],


        [[[  -118,   -190,    -25],
          [    22,   -229,     10],
          [   -80,   -135,    147]],

         [[   147,    499,   -210],
          [  -370,    280,    282],
          [  -344,    329,    402]],

         [[    -0,    162,    129],
          [   -44,     78,     35],
          [   -64,   -162,    -30]],

         [[   175,    -89,     39],
          [   -85,      4,    -66],
          [    -4,     77,     76]],

         [[   106,     38,    143],
          [   -75,    -57,     94],
          [    38,     69,    -71]],

         [[   259,    233,    -86],
          [  -270,   -139,   -156],
          [  -104,   -311,     14]]],


        [[[    60,   -106,     13],
          [   -59,    266,   -134],
          [   -97,   -242,   -166]],

         [[   188,    303,   -126],
          [   356,    285,   -345],
          [   -63,   -411,   -361]],

         [[   -17,    -41,      8],
          [   -79,     93,   -167],
          [   168,   -130,   -143]],

         [[   -96,    101,   -153],
          [  -168,    121,    -10],
          [   -91,   -158,   -103]],

         [[     8,    -88,     28],
          [   134,     95,    147],
          [   138,   -123,    -69]],

         [[   -55,   -155,   -300],
          [   156,    174,   -122],
          [  -126,   -252,    -61]]],


        [[[  -248,    155,    109],
          [   231,    113,    -38],
          [    -1,     75,   -100]],

         [[   757,    421,     -3],
          [   275,   -273,   -569],
          [   244,    171,    527]],

         [[  -117,    -99,   -157],
          [   137,    121,     -1],
          [   174,     49,     18]],

         [[    40,   -132,   -117],
          [  -159,    -42,    -47],
          [   -86,     96,     75]],

         [[   180,    109,    142],
          [   165,   -153,      8],
          [    71,    -82,    175]],

         [[    19,    108,    -82],
          [   214,   -126,   -173],
          [    72,   -183,   -156]]],


        [[[   -63,    297,   -127],
          [    29,      4,     -7],
          [   -93,   -300,    162]],

         [[   183,   -195,   -203],
          [   380,    224,   -461],
          [   357,    468,    -11]],

         [[  -169,    101,    -41],
          [   173,     74,    106],
          [   -60,    -91,     20]],

         [[    35,    161,    -18],
          [   -40,     22,   -171],
          [    -6,     82,    150]],

         [[   -38,    -55,    -86],
          [    43,   -179,     47],
          [  -118,    141,     17]],

         [[  -120,   -221,    -88],
          [   -31,   -123,    -80],
          [   -78,    -31,    -45]]],


        [[[    66,    242,    151],
          [   159,    -27,    145],
          [    32,    -79,    143]],

         [[   -65,   -269,   -284],
          [    74,   -288,     18],
          [  -271,    -24,    492]],

         [[   -79,   -109,    112],
          [   -39,   -143,    160],
          [   -34,   -118,   -118]],

         [[   -17,     63,    -63],
          [   -61,    139,   -138],
          [   143,    148,   -114]],

         [[    99,    152,   -129],
          [     3,     64,     36],
          [  -177,   -153,     97]],

         [[  -169,    -41,    -84],
          [    82,      1,     -3],
          [  -104,   -174,    130]]]], device='cuda:0')
tensor([   -56,    401,   -157,      2,      0,     37,     76,   -191,    234,
            13,    416,     49,    111,     17,      2,    113],
       device='cuda:0', grad_fn=<MulBackward0>)
tensor([[[[    36,     46,    182],
          [   -83,     -6,    -10],
          [    63,    168,   -113]],

         [[    77,   -132,   -238],
          [    87,     35,   -179],
          [   -76,   -240,    126]],

         [[    29,   -101,   -118],
          [   143,    -40,    -39],
          [    40,     25,    112]],

         [[   137,    -52,     60],
          [    11,    -45,     14],
          [    98,    130,     75]],

         [[  -122,    106,     -5],
          [   131,     68,     43],
          [  -124,     59,    136]],

         [[    78,    -31,    126],
          [  -116,     91,     52],
          [   233,     75,   -182]],

         [[    23,     72,     63],
          [   138,    193,    144],
          [    24,    230,    103]],

         [[   115,     -8,     22],
          [  -121,    -71,    366],
          [   106,   -308,    -43]],

         [[   -90,    -54,    177],
          [  -117,    -84,    154],
          [  -373,    -40,    183]],

         [[  -114,   -128,     12],
          [    73,   -130,   -175],
          [   -89,    158,   -149]],

         [[    67,    -95,   -158],
          [   -18,   -345,   -180],
          [    37,    -83,   -350]],

         [[    42,   -222,   -290],
          [   134,    101,   -342],
          [   -47,    227,    117]],

         [[   -91,     66,    -12],
          [    21,    -65,    -26],
          [    -8,    160,   -137]],

         [[   251,    312,    240],
          [     7,    240,     87],
          [  -230,     57,    478]],

         [[   208,    249,   -237],
          [  -164,    218,    136],
          [  -230,     12,    216]],

         [[  -147,   -128,    -13],
          [    80,   -169,    -70],
          [    -1,     41,    -60]]],


        [[[   -27,    115,     -8],
          [   -40,     87,     77],
          [   180,    -86,    218]],

         [[    -7,    144,   -109],
          [   123,     90,      5],
          [   -45,     -1,     64]],

         [[   -41,   -125,   -120],
          [  -126,     85,   -105],
          [    75,     38,   -140]],

         [[   128,   -100,    -68],
          [   -12,    -50,     31],
          [    94,    -63,      1]],

         [[   -47,   -115,    133],
          [   -35,   -102,     47],
          [    30,    -62,    135]],

         [[    59,    -33,    112],
          [   105,    -66,   -128],
          [   105,     -6,    -83]],

         [[    29,    -80,    149],
          [   -70,    138,    -45],
          [    29,    -22,   -105]],

         [[    -6,   -123,    105],
          [   -57,    -47,     89],
          [   -44,     24,    154]],

         [[    71,    120,    -47],
          [   -22,   -111,     64],
          [    28,    225,     15]],

         [[    36,    -55,     72],
          [   -25,   -120,     98],
          [    74,    -70,    -26]],

         [[    35,     64,    -35],
          [   244,   -116,     13],
          [   252,    -44,      5]],

         [[  -146,    -99,    -35],
          [   -85,    -67,    -36],
          [   123,      0,   -275]],

         [[   -98,    -55,     -8],
          [   -92,     31,    -27],
          [   -81,   -130,     -9]],

         [[  -142,   -183,     49],
          [   -99,    -97,     48],
          [  -105,     80,    163]],

         [[  -170,   -130,     13],
          [    31,   -207,   -163],
          [   -77,    117,     99]],

         [[  -125,     58,    192],
          [   128,    -84,     98],
          [   129,     58,    -24]]],


        [[[    70,    -95,   -144],
          [   -55,     47,    117],
          [  -145,   -151,     23]],

         [[  -128,    110,      9],
          [    72,   -102,    -91],
          [    85,    -29,     66]],

         [[   -62,    -41,    -38],
          [    65,   -102,     -1],
          [   -90,     88,    -40]],

         [[  -101,     84,    133],
          [   146,    -35,    -64],
          [   119,    -74,    -91]],

         [[     1,      9,    132],
          [    34,   -133,     36],
          [   -84,    113,     89]],

         [[   -67,     95,    -40],
          [   100,    -39,    -83],
          [    66,    -46,     59]],

         [[  -120,    -50,     53],
          [   114,    -44,    101],
          [   -90,     29,    -88]],

         [[   -63,    -13,    -15],
          [   -47,    118,   -104],
          [    31,   -141,     15]],

         [[   -28,     -7,    132],
          [   -51,     24,   -142],
          [  -119,    -60,   -150]],

         [[  -141,    -59,    -30],
          [  -121,   -132,   -116],
          [   -28,    -80,    -84]],

         [[   -46,   -111,    -62],
          [   -41,     -4,    132],
          [    33,     -1,     87]],

         [[    72,    -56,    -89],
          [   -54,    -85,     43],
          [   -92,   -139,     55]],

         [[   118,    -71,     51],
          [   -58,     50,    -24],
          [    52,    -28,    -25]],

         [[  -138,     -8,     -6],
          [    93,   -135,   -120],
          [  -149,     89,    -25]],

         [[  -106,    -66,    -68],
          [    83,    -49,    102],
          [    80,     74,     11]],

         [[   -33,     94,    130],
          [   136,     46,     61],
          [  -107,    -26,     59]]],


        [[[   -59,     31,   -110],
          [   120,     74,    141],
          [  -179,   -125,    -45]],

         [[   -93,     67,   -162],
          [   -47,    101,    -47],
          [   -94,    159,    -51]],

         [[    66,     92,   -131],
          [   -71,     47,     34],
          [    -4,     92,     16]],

         [[   140,     99,     12],
          [    87,     78,     50],
          [    63,      2,   -111]],

         [[    33,    -67,    103],
          [   -25,    -27,     51],
          [    90,    -63,    -78]],

         [[   121,     77,    -88],
          [   -59,   -106,    117],
          [  -139,    104,   -109]],

         [[   -78,    -28,      7],
          [   -12,    -79,     19],
          [    53,   -144,   -107]],

         [[    39,   -151,   -156],
          [   -25,    -42,     74],
          [    29,   -126,    -67]],

         [[  -155,    -44,   -121],
          [    58,   -116,    172],
          [    40,    166,    -23]],

         [[    87,    -42,      8],
          [   -51,   -139,     28],
          [  -111,    -51,   -146]],

         [[    53,     -9,   -201],
          [   -87,   -157,     -2],
          [   103,     11,     66]],

         [[  -125,    -96,   -150],
          [  -148,    169,   -106],
          [  -121,    181,     -1]],

         [[     5,   -124,    130],
          [  -105,    -27,    -99],
          [  -110,   -147,    -99]],

         [[   123,   -147,    -30],
          [  -170,    113,     39],
          [    19,   -104,     74]],

         [[    45,     92,    131],
          [  -132,    -55,    -77],
          [   -37,    -87,    185]],

         [[    77,   -156,    -28],
          [   -59,     57,     59],
          [   128,    136,   -119]]],


        [[[    72,    -26,   -115],
          [  -139,    141,    148],
          [   -35,     26,    234]],

         [[   -53,    129,     85],
          [    35,    -33,    251],
          [   -65,     94,    155]],

         [[   132,     51,    -43],
          [    84,     39,     80],
          [   -92,     28,     31]],

         [[    73,    -85,     72],
          [    42,     62,     14],
          [  -116,    130,    -48]],

         [[   -91,   -129,     16],
          [  -126,     16,   -144],
          [   -36,    -41,     77]],

         [[    51,    131,    -59],
          [  -159,    138,   -170],
          [  -183,     40,    -66]],

         [[    38,    109,     75],
          [  -120,   -146,     39],
          [   -33,     61,    -93]],

         [[    -6,     41,    163],
          [  -201,      8,     72],
          [   -26,    130,     47]],

         [[   258,   -113,   -426],
          [   278,   -260,   -383],
          [    61,   -194,   -285]],

         [[    91,     92,    145],
          [   -69,    136,    -24],
          [   -65,     49,    -73]],

         [[   145,    -85,   -122],
          [   173,   -161,    -95],
          [   211,   -206,     33]],

         [[   174,   -144,   -388],
          [   206,   -190,   -369],
          [   124,     25,   -130]],

         [[    76,    150,    262],
          [   -60,    -52,    142],
          [  -107,     32,    -91]],

         [[  -181,      4,    285],
          [  -215,    100,    -42],
          [   136,    435,   -149]],

         [[  -210,     16,    102],
          [  -171,    323,    149],
          [   238,    147,    -73]],

         [[   143,     27,    -88],
          [    71,    -72,    -44],
          [    24,   -136,    134]]],


        [[[   121,    161,    186],
          [    38,   -104,    232],
          [   151,   -132,     92]],

         [[   146,   -151,    -47],
          [     8,   -124,   -146],
          [    -7,    -17,    -57]],

         [[   -67,    115,     -5],
          [    25,     25,    112],
          [    52,     70,    -18]],

         [[   -68,    -67,    105],
          [    27,     71,   -127],
          [   -72,    151,    110]],

         [[    13,     60,     47],
          [   -72,   -129,    -67],
          [   -34,    -10,      6]],

         [[    30,     13,   -134],
          [   -43,   -234,   -261],
          [   152,     65,     76]],

         [[   -12,    134,    256],
          [   147,    -21,    126],
          [   122,     92,    229]],

         [[    -5,     86,   -106],
          [   -40,     20,    -84],
          [  -137,    -38,     33]],

         [[   -63,      3,     78],
          [    83,    113,    218],
          [   -10,   -109,     44]],

         [[    92,   -103,     -5],
          [    54,    -95,    114],
          [   -89,    143,    -97]],

         [[    54,   -147,    -93],
          [   -90,   -113,   -130],
          [   147,     94,   -204]],

         [[  -247,    -78,   -281],
          [   -43,    111,    -21],
          [     0,    239,     29]],

         [[   -86,    129,    -74],
          [    56,    -21,     74],
          [   -99,    123,    106]],

         [[   154,    -79,   -286],
          [   134,    -62,     50],
          [  -191,   -270,   -202]],

         [[   -42,    -14,   -168],
          [   -58,    144,    234],
          [   -86,      5,    -34]],

         [[   148,    109,    -45],
          [   126,     98,    -39],
          [   -33,    112,    -43]]],


        [[[   201,     13,    153],
          [   164,    -22,    -80],
          [   137,   -109,    -12]],

         [[  -168,   -209,   -236],
          [    25,    -90,   -192],
          [  -249,   -156,   -255]],

         [[    27,     86,    -67],
          [    83,     22,     38],
          [    31,    142,    -71]],

         [[   106,    -95,     -8],
          [  -109,    127,    -36],
          [  -139,     62,    110]],

         [[     9,     -7,    -88],
          [   117,   -120,    128],
          [    78,     23,    -20]],

         [[   -42,    -68,     79],
          [   -64,    106,    -57],
          [    57,    266,   -118]],

         [[   331,     82,    140],
          [   196,    156,    -36],
          [   307,    233,    -20]],

         [[    -1,   -127,   -316],
          [   -93,     18,    152],
          [    14,   -168,    -11]],

         [[   335,    271,    436],
          [   291,    216,    264],
          [  -319,   -247,   -303]],

         [[   -41,    116,     80],
          [   -12,    -96,     32],
          [    71,    125,    -38]],

         [[   164,    138,     70],
          [  -111,    178,    -69],
          [  -111,   -156,   -165]],

         [[   269,    222,    346],
          [    83,    143,     77],
          [   125,    -52,    109]],

         [[  -229,    -33,   -311],
          [   -95,     91,   -268],
          [  -176,    273,    -57]],

         [[   170,    406,    293],
          [   263,     20,   -140],
          [    30,   -390,     20]],

         [[   216,    106,   -140],
          [    -7,    157,     17],
          [    96,    116,   -173]],

         [[   -49,     63,    128],
          [  -161,   -273,     90],
          [   -51,   -147,    -56]]],


        [[[    81,    132,     68],
          [   -10,   -106,   -119],
          [  -164,   -280,    -59]],

         [[   153,     83,    173],
          [   148,    162,    -38],
          [    40,    -66,     31]],

         [[  -137,    -11,   -104],
          [    91,     60,     61],
          [   127,    137,    -29]],

         [[  -118,   -129,    128],
          [   -41,    118,    140],
          [  -125,     32,   -132]],

         [[   -97,   -147,     64],
          [   107,    105,     45],
          [  -108,   -141,     86]],

         [[   -65,   -174,   -206],
          [    92,   -153,     55],
          [  -116,   -128,    -12]],

         [[    55,    -34,    143],
          [   -29,    -12,     96],
          [     6,     35,     18]],

         [[   -66,     79,    -94],
          [    86,    -47,     10],
          [   -95,    -42,     83]],

         [[  -204,    169,    135],
          [    66,    104,    172],
          [   129,     94,    -74]],

         [[  -146,     95,     55],
          [    56,      9,     17],
          [   -66,    -69,    106]],

         [[  -276,     -5,    487],
          [   -29,    -65,     15],
          [     7,    -91,   -259]],

         [[  -249,     42,    355],
          [   147,     65,     95],
          [    77,    221,     75]],

         [[    60,     31,   -171],
          [    -8,    -73,    125],
          [   117,    -75,    -63]],

         [[  -254,   -485,   -630],
          [   -33,     33,     90],
          [   -85,    253,    325]],

         [[  -217,   -240,    -57],
          [   109,    262,     41],
          [   116,    290,     91]],

         [[   117,      9,    -80],
          [   175,    -65,     51],
          [   107,     11,    115]]],


        [[[    61,     22,     34],
          [    11,    -72,    -32],
          [    43,    -19,    -68]],

         [[   -98,     -6,    -30],
          [   -58,     93,    159],
          [  -155,    104,    -46]],

         [[    33,   -118,    106],
          [  -150,     92,     86],
          [   -99,    -59,     80]],

         [[   126,     95,    -64],
          [    24,    -98,   -124],
          [    77,    145,   -144]],

         [[    95,    136,    114],
          [  -136,   -123,   -124],
          [   -97,    -63,   -133]],

         [[    71,    322,    -21],
          [   128,    147,   -108],
          [   -60,     58,     56]],

         [[   154,    174,    -56],
          [   107,    -45,     96],
          [   -21,    173,    107]],

         [[    47,   -124,   -136],
          [   -68,     73,    101],
          [  -262,   -153,   -186]],

         [[  -100,     -2,    110],
          [    31,   -127,    -89],
          [   -75,    -83,    190]],

         [[    38,     28,    133],
          [   -13,     41,     69],
          [    85,    -83,     31]],

         [[   154,   -166,   -117],
          [    71,   -186,   -211],
          [   -18,    115,     93]],

         [[   185,     95,   -147],
          [   -13,   -110,      1],
          [  -257,     92,    221]],

         [[    89,     37,    168],
          [   -96,     12,    123],
          [   -73,   -103,    -16]],

         [[  -158,    190,    312],
          [  -107,     74,     16],
          [  -185,   -227,   -312]],

         [[     9,     -5,    119],
          [  -201,   -214,    -71],
          [    56,   -155,   -149]],

         [[    99,     -5,    158],
          [    13,    -29,   -116],
          [    69,     16,      2]]],


        [[[   -44,    121,    -83],
          [  -200,   -178,    -99],
          [  -119,   -152,     37]],

         [[    77,    204,    163],
          [   264,    158,     93],
          [   168,    174,    -21]],

         [[   -70,    -99,    123],
          [  -131,      7,    123],
          [    83,    -73,     24]],

         [[   -55,    -12,    -64],
          [    85,     55,    -53],
          [  -126,     47,    138]],

         [[   121,     87,    -25],
          [  -144,   -136,    147],
          [   -85,    105,    106]],

         [[  -100,   -222,   -208],
          [  -100,   -152,     67],
          [    72,   -218,     39]],

         [[   -82,    -97,    -88],
          [    34,    -25,    185],
          [   -58,    -20,    -81]],

         [[   -17,    102,   -106],
          [  -156,    -19,    135],
          [    21,    157,     67]],

         [[   -45,    -35,    329],
          [  -204,     94,     28],
          [    51,    148,    101]],

         [[   -29,   -145,    -94],
          [   -14,    -44,   -127],
          [   -18,    127,   -117]],

         [[   129,    115,    212],
          [   249,    110,     -1],
          [    71,     21,   -283]],

         [[  -163,     15,    270],
          [  -185,   -104,     85],
          [    82,     99,     15]],

         [[  -136,    -47,     46],
          [    47,    -93,    -15],
          [   -28,   -177,   -203]],

         [[  -302,   -291,   -115],
          [  -140,    -52,    126],
          [    13,    364,    326]],

         [[   -45,   -158,     -1],
          [    56,   -124,    -98],
          [   -55,     42,     39]],

         [[   182,     77,     -4],
          [   221,    -32,    -58],
          [     2,     19,    114]]],


        [[[    24,   -207,    -41],
          [   269,    -14,      4],
          [    50,     37,     -5]],

         [[   -70,    135,     43],
          [    -1,   -108,     99],
          [    77,     48,   -116]],

         [[   -14,    -83,    124],
          [   -74,   -115,     16],
          [    63,     14,    -92]],

         [[   141,    -82,     91],
          [     1,    -26,     61],
          [    99,     23,    -17]],

         [[  -125,     92,   -139],
          [   -13,    116,     12],
          [  -105,     80,    118]],

         [[  -127,   -109,   -158],
          [   216,   -184,     79],
          [    49,    217,    117]],

         [[  -167,     20,    -70],
          [   144,    -64,   -160],
          [  -165,   -204,   -198]],

         [[   -59,     51,   -116],
          [   106,     92,   -161],
          [  -103,    261,   -150]],

         [[   -92,    197,    -48],
          [   -13,     69,    128],
          [   -59,     42,    -75]],

         [[   -96,     47,     25],
          [    -7,     19,    177],
          [    41,   -154,    155]],

         [[  -291,    -68,    160],
          [  -216,    131,    113],
          [  -302,   -278,    -67]],

         [[  -206,    163,     51],
          [  -105,    -58,    -58],
          [    53,     39,   -271]],

         [[   195,    -13,     -8],
          [    75,    -29,    -28],
          [   -33,    -67,    136]],

         [[    51,   -475,   -429],
          [   544,    -11,   -201],
          [   466,    147,     96]],

         [[   -22,   -142,   -213],
          [   515,    -22,    -42],
          [   245,    154,      3]],

         [[    99,     82,    120],
          [   102,    112,     21],
          [  -113,   -117,     20]]],


        [[[    53,   -120,    -42],
          [    84,   -157,   -108],
          [   -24,     10,    -90]],

         [[   -73,    -68,    191],
          [    30,     54,     84],
          [   152,    -73,     36]],

         [[   -28,     44,     85],
          [   -63,    -86,     78],
          [   -29,    108,     82]],

         [[  -113,    -87,     22],
          [    14,     98,   -147],
          [    47,    -21,    -48]],

         [[    -9,     42,     39],
          [    27,     70,    -43],
          [    93,    112,   -135]],

         [[   -18,     83,   -169],
          [   137,    -14,   -129],
          [    61,    158,    -27]],

         [[  -127,    -96,    -78],
          [    97,   -115,     51],
          [   -24,    137,    143]],

         [[   143,     31,    111],
          [    73,    119,     33],
          [   -37,   -153,     38]],

         [[   101,    -68,     92],
          [    92,   -134,    -30],
          [    75,   -109,   -183]],

         [[    90,    147,    111],
          [   -36,    -25,    126],
          [  -107,     56,     30]],

         [[    23,   -123,    -51],
          [   -32,    122,    108],
          [  -137,   -114,    -52]],

         [[  -143,     53,   -120],
          [  -121,    -71,   -120],
          [    41,    -84,    -48]],

         [[   196,     97,    111],
          [   205,     79,    -52],
          [   155,   -137,   -112]],

         [[   260,     -1,    -54],
          [   228,   -106,   -241],
          [   -34,   -162,   -218]],

         [[   246,     34,   -101],
          [   204,    -27,    -51],
          [     1,    -63,   -110]],

         [[   144,    104,   -116],
          [  -101,     93,     21],
          [  -133,     75,    -41]]],


        [[[  -103,     68,     24],
          [   -61,    -90,   -154],
          [  -149,     15,    -24]],

         [[  -126,     31,    -64],
          [   -24,      3,     74],
          [     8,    -49,    133]],

         [[  -117,     52,    -63],
          [   -44,    125,    -48],
          [     7,    160,    -96]],

         [[    75,    142,    104],
          [   -42,     -5,    -86],
          [   139,    106,   -119]],

         [[   -42,   -110,     80],
          [  -120,   -132,   -100],
          [   119,   -142,    -76]],

         [[  -174,   -135,    -88],
          [   -22,     59,     80],
          [   315,    193,    212]],

         [[   105,     80,     58],
          [   110,    142,     36],
          [    98,    -23,     49]],

         [[   102,     41,    105],
          [    20,    -68,    268],
          [    72,   -174,     72]],

         [[   108,    -98,    -66],
          [  -148,    114,   -189],
          [    10,    -88,   -148]],

         [[  -122,    104,    137],
          [   -70,   -135,     69],
          [   -19,    -85,    111]],

         [[    67,    166,    -53],
          [   142,     38,    -22],
          [    73,     83,     10]],

         [[   -29,    -18,    -47],
          [   172,    -52,    -71],
          [    32,    168,   -216]],

         [[   -36,   -132,      2],
          [    15,   -112,   -143],
          [    14,    -99,   -119]],

         [[   -88,   -240,   -100],
          [  -105,   -283,   -128],
          [  -119,     71,    263]],

         [[  -145,   -169,   -118],
          [   139,   -127,    -44],
          [   -50,     97,     30]],

         [[    87,     19,      5],
          [    69,     35,     25],
          [    45,   -137,     95]]],


        [[[    27,     49,    -45],
          [   -11,    -41,     -7],
          [   -16,   -135,     45]],

         [[     0,     46,    134],
          [   -67,     60,    161],
          [   -42,    240,     46]],

         [[    75,   -154,    148],
          [   120,   -102,    -50],
          [   -48,    -47,    173]],

         [[   116,    -46,     -9],
          [  -115,    -47,     35],
          [   137,     14,     -4]],

         [[   102,     57,     42],
          [   -44,    -40,   -106],
          [    49,     21,      7]],

         [[   210,    248,    166],
          [   136,    206,    204],
          [   312,   -148,   -126]],

         [[    41,    164,    263],
          [   -62,    147,    241],
          [   187,     79,     23]],

         [[   163,    -59,      2],
          [   -30,   -267,   -100],
          [   160,   -108,   -253]],

         [[   -14,      7,    -56],
          [    53,    -71,   -246],
          [  -408,     15,    303]],

         [[   -58,     36,    -91],
          [  -112,    127,    106],
          [   178,     37,     94]],

         [[   342,     88,   -208],
          [  -153,    -49,    -81],
          [  -290,    -14,    288]],

         [[   375,    102,     -2],
          [  -349,   -141,    169],
          [  -601,   -105,    324]],

         [[    51,    208,     87],
          [     8,    -92,    -12],
          [   308,    255,   -184]],

         [[   112,    297,    614],
          [    63,    -19,    -21],
          [  -147,   -273,   -540]],

         [[    66,    -38,    291],
          [    85,    -59,   -315],
          [   180,   -109,    -42]],

         [[  -147,    141,    104],
          [  -192,     73,      7],
          [   -10,    289,     25]]],


        [[[  -123,    -28,     50],
          [    18,     28,    -34],
          [    63,    -12,    -21]],

         [[    32,   -141,    -53],
          [    33,    -74,    -28],
          [   -65,   -149,   -158]],

         [[   101,   -139,    114],
          [  -143,     91,     69],
          [   -70,    -53,     81]],

         [[    -9,    -91,     82],
          [   -67,    -44,    -95],
          [  -124,   -126,      5]],

         [[    37,    145,    -37],
          [    86,     99,    -43],
          [  -111,    -98,      0]],

         [[    77,    224,    296],
          [  -190,    112,     25],
          [    46,   -157,   -257]],

         [[   169,    231,    -11],
          [   110,     97,     43],
          [    27,    112,    169]],

         [[    37,     17,    -43],
          [   184,     36,    143],
          [     2,   -113,    106]],

         [[   131,    -91,     -1],
          [   -25,    170,    153],
          [  -157,     64,    330]],

         [[    63,     76,     94],
          [   -44,    -12,    -69],
          [    23,     65,    -65]],

         [[   111,   -108,   -165],
          [   156,     40,   -119],
          [    87,    151,     33]],

         [[   160,    113,     73],
          [  -114,     95,    132],
          [  -147,    196,    349]],

         [[    24,    -30,     98],
          [   101,     -1,     30],
          [   151,     19,   -182]],

         [[    79,    132,    261],
          [  -170,   -152,    121],
          [  -274,   -304,     16]],

         [[  -180,     -5,    127],
          [   -49,   -169,      0],
          [   -41,   -358,    135]],

         [[    66,   -129,    115],
          [    68,    181,    -74],
          [   -20,     89,    143]]],


        [[[  -122,   -211,     31],
          [   237,    -15,    -13],
          [   -16,    -12,   -216]],

         [[  -116,     77,    122],
          [    41,    133,    156],
          [   144,     75,     69]],

         [[    42,    130,    -87],
          [  -164,   -158,     48],
          [   -91,     -1,    145]],

         [[  -123,    -23,     61],
          [    74,    129,     23],
          [   120,    -51,    -54]],

         [[   -97,    -35,   -108],
          [   123,    111,    -67],
          [  -104,    151,    -97]],

         [[   218,      3,     80],
          [  -254,     19,    -15],
          [   138,     92,    153]],

         [[   -26,   -239,    -11],
          [  -403,   -312,    -86],
          [  -233,   -182,    177]],

         [[    50,   -234,    -18],
          [   135,    -99,   -267],
          [   310,    187,     56]],

         [[   126,    273,     25],
          [   -46,   -227,     77],
          [   -53,    -59,    220]],

         [[   -14,    107,    -33],
          [    88,     15,   -102],
          [     2,     97,   -133]],

         [[   -23,   -173,   -249],
          [  -288,      6,    166],
          [  -148,   -396,    144]],

         [[    99,     -1,    216],
          [  -225,   -403,    101],
          [  -373,   -230,    363]],

         [[    13,     92,    127],
          [    15,    -40,   -195],
          [   356,    122,    125]],

         [[   107,    -60,    412],
          [    90,    -11,    175],
          [   311,     -4,   -179]],

         [[  -141,    -20,    142],
          [   414,   -140,   -121],
          [   143,    -94,    -78]],

         [[  -243,   -128,    -50],
          [   -22,    117,     86],
          [  -219,    -88,    145]]]], device='cuda:0')
tensor([ -85,  -20,  -30,  -29,    1,   65, -292,  123,  -16,  -34,  174,   95,
         -45,  259,    8,  161], device='cuda:0', grad_fn=<MulBackward0>)
tensor([[[[ 616]],

         [[ -15]],

         [[-299]],

         [[  25]],

         [[-325]],

         [[  70]],

         [[ -56]],

         [[ 179]],

         [[ 318]],

         [[ 214]],

         [[  77]],

         [[ 195]],

         [[  94]],

         [[ 119]],

         [[-473]],

         [[-347]]],


        [[[  64]],

         [[-241]],

         [[-348]],

         [[  58]],

         [[-253]],

         [[ 476]],

         [[ 696]],

         [[-271]],

         [[-527]],

         [[-245]],

         [[-243]],

         [[ 344]],

         [[ 422]],

         [[-341]],

         [[  76]],

         [[ -41]]],


        [[[-356]],

         [[-463]],

         [[ -42]],

         [[-335]],

         [[ 244]],

         [[-258]],

         [[ 434]],

         [[ 404]],

         [[ 458]],

         [[ 232]],

         [[ 213]],

         [[ 409]],

         [[-172]],

         [[  32]],

         [[ -22]],

         [[-220]]],


        [[[ 328]],

         [[-250]],

         [[ 303]],

         [[ 404]],

         [[ 300]],

         [[ 130]],

         [[  65]],

         [[ -68]],

         [[ 408]],

         [[-541]],

         [[-387]],

         [[ 240]],

         [[ 477]],

         [[ 521]],

         [[-259]],

         [[-540]]],


        [[[-436]],

         [[-465]],

         [[ 237]],

         [[ 295]],

         [[ 367]],

         [[  29]],

         [[-365]],

         [[ 373]],

         [[ 151]],

         [[ 274]],

         [[-339]],

         [[-145]],

         [[-133]],

         [[-223]],

         [[ 112]],

         [[-493]]],


        [[[-417]],

         [[ -36]],

         [[-434]],

         [[ -35]],

         [[ -32]],

         [[ 293]],

         [[-535]],

         [[  58]],

         [[-272]],

         [[ 117]],

         [[-191]],

         [[-332]],

         [[ -56]],

         [[ 392]],

         [[ 191]],

         [[-188]]],


        [[[-206]],

         [[ -51]],

         [[  69]],

         [[ 269]],

         [[ 302]],

         [[-228]],

         [[-488]],

         [[-477]],

         [[  69]],

         [[-299]],

         [[ 523]],

         [[ 525]],

         [[ 227]],

         [[-273]],

         [[-380]],

         [[ 164]]],


        [[[ 178]],

         [[-390]],

         [[-164]],

         [[-383]],

         [[-405]],

         [[-399]],

         [[ -46]],

         [[ 463]],

         [[ -61]],

         [[ 181]],

         [[ 195]],

         [[  -7]],

         [[ 372]],

         [[-184]],

         [[-270]],

         [[-328]]],


        [[[-687]],

         [[ -55]],

         [[-426]],

         [[  77]],

         [[  29]],

         [[-351]],

         [[-763]],

         [[ 103]],

         [[-242]],

         [[ 271]],

         [[ 281]],

         [[ 281]],

         [[-337]],

         [[ 247]],

         [[ 324]],

         [[ 545]]],


        [[[ -58]],

         [[ 120]],

         [[-272]],

         [[ 238]],

         [[-392]],

         [[-354]],

         [[ 547]],

         [[-112]],

         [[  36]],

         [[-151]],

         [[ 728]],

         [[ 262]],

         [[ -53]],

         [[-434]],

         [[-449]],

         [[ -94]]],


        [[[ -26]],

         [[-451]],

         [[ 196]],

         [[ 409]],

         [[ 247]],

         [[ 293]],

         [[ 153]],

         [[ -35]],

         [[-168]],

         [[-128]],

         [[-125]],

         [[-123]],

         [[ 143]],

         [[ 580]],

         [[ 660]],

         [[-252]]],


        [[[  46]],

         [[-189]],

         [[ 303]],

         [[ 353]],

         [[ 371]],

         [[-152]],

         [[  66]],

         [[ 341]],

         [[-322]],

         [[  26]],

         [[ 345]],

         [[ 292]],

         [[-404]],

         [[ 426]],

         [[-640]],

         [[ 493]]],


        [[[-700]],

         [[  67]],

         [[ 234]],

         [[ 338]],

         [[-729]],

         [[-247]],

         [[-525]],

         [[ 466]],

         [[ 442]],

         [[-152]],

         [[ 440]],

         [[ 619]],

         [[-125]],

         [[ 489]],

         [[-267]],

         [[ 279]]],


        [[[-119]],

         [[ 349]],

         [[ 307]],

         [[-119]],

         [[ 374]],

         [[-120]],

         [[  21]],

         [[-518]],

         [[ 121]],

         [[-147]],

         [[-308]],

         [[ 299]],

         [[  57]],

         [[ 825]],

         [[ 471]],

         [[ 350]]],


        [[[-551]],

         [[ 393]],

         [[-221]],

         [[ 428]],

         [[ 291]],

         [[-129]],

         [[  86]],

         [[ 498]],

         [[-376]],

         [[ 517]],

         [[-329]],

         [[ 101]],

         [[ 511]],

         [[-143]],

         [[  88]],

         [[-438]]],


        [[[ 442]],

         [[ 157]],

         [[ 151]],

         [[ 303]],

         [[-587]],

         [[ 318]],

         [[ 400]],

         [[ -53]],

         [[-358]],

         [[-260]],

         [[ 180]],

         [[ 158]],

         [[-102]],

         [[  89]],

         [[  14]],

         [[ 473]]]], device='cuda:0')
tensor([ -65,  -96, -238,  128, -183, -219,  428,  178,  502,  -81,  -58,  -43,
         513,  471,   42,  -76], device='cuda:0', grad_fn=<MulBackward0>)
tensor([[[[   137]],

         [[  -432]],

         [[  -489]],

         [[  -122]],

         [[  -407]],

         [[   347]],

         [[  -200]],

         [[   550]],

         [[    24]],

         [[  -241]],

         [[  -238]],

         [[   246]],

         [[  -214]],

         [[    91]],

         [[   -37]],

         [[   645]]],


        [[[   307]],

         [[  -330]],

         [[    33]],

         [[  -285]],

         [[   179]],

         [[   369]],

         [[  -196]],

         [[   318]],

         [[   -83]],

         [[   218]],

         [[    23]],

         [[  -262]],

         [[  -297]],

         [[    89]],

         [[  -428]],

         [[    68]]],


        [[[   210]],

         [[   177]],

         [[  -160]],

         [[  -429]],

         [[   -95]],

         [[   -12]],

         [[  -191]],

         [[  -489]],

         [[   526]],

         [[  -235]],

         [[   229]],

         [[  -225]],

         [[  -280]],

         [[   126]],

         [[   475]],

         [[  -283]]],


        [[[   282]],

         [[   250]],

         [[   231]],

         [[  -286]],

         [[   170]],

         [[   329]],

         [[  -217]],

         [[  -250]],

         [[  -391]],

         [[  -256]],

         [[   -98]],

         [[   -60]],

         [[  -328]],

         [[   275]],

         [[  -215]],

         [[   329]]],


        [[[  -448]],

         [[  -343]],

         [[   376]],

         [[    33]],

         [[  -321]],

         [[   -37]],

         [[   348]],

         [[  -379]],

         [[   330]],

         [[    44]],

         [[   500]],

         [[   242]],

         [[  -560]],

         [[   386]],

         [[  -361]],

         [[  -416]]],


        [[[   454]],

         [[  -103]],

         [[    34]],

         [[   507]],

         [[   445]],

         [[   494]],

         [[  -154]],

         [[    33]],

         [[   609]],

         [[  -665]],

         [[   321]],

         [[  -121]],

         [[   368]],

         [[   303]],

         [[  -690]],

         [[   -94]]],


        [[[   351]],

         [[   309]],

         [[  -106]],

         [[   436]],

         [[   286]],

         [[   386]],

         [[   210]],

         [[  -122]],

         [[  -345]],

         [[   -58]],

         [[   132]],

         [[  -406]],

         [[  -331]],

         [[    93]],

         [[    87]],

         [[    53]]],


        [[[  -423]],

         [[    21]],

         [[    46]],

         [[  -114]],

         [[   503]],

         [[   278]],

         [[   284]],

         [[   -85]],

         [[   672]],

         [[    73]],

         [[  -520]],

         [[  -294]],

         [[    98]],

         [[  -579]],

         [[  -131]],

         [[   172]]],


        [[[   265]],

         [[  -227]],

         [[    17]],

         [[    24]],

         [[   -31]],

         [[  -385]],

         [[  -277]],

         [[   253]],

         [[  -338]],

         [[  -312]],

         [[  -280]],

         [[  -249]],

         [[  -120]],

         [[  -554]],

         [[   560]],

         [[  -335]]],


        [[[  -259]],

         [[    39]],

         [[   382]],

         [[  -241]],

         [[   154]],

         [[  -173]],

         [[   521]],

         [[    48]],

         [[   535]],

         [[  -471]],

         [[  -417]],

         [[   529]],

         [[   983]],

         [[   339]],

         [[  -607]],

         [[  -222]]],


        [[[    30]],

         [[   -51]],

         [[   282]],

         [[  -195]],

         [[   574]],

         [[   427]],

         [[  -451]],

         [[   468]],

         [[     1]],

         [[    70]],

         [[   -77]],

         [[  -512]],

         [[  -320]],

         [[  -310]],

         [[   265]],

         [[  -426]]],


        [[[  -425]],

         [[    36]],

         [[  -201]],

         [[  -330]],

         [[   170]],

         [[   155]],

         [[   393]],

         [[  -164]],

         [[   411]],

         [[   -49]],

         [[  -370]],

         [[   668]],

         [[    91]],

         [[   516]],

         [[  -183]],

         [[  -163]]],


        [[[  -304]],

         [[   381]],

         [[  -204]],

         [[   288]],

         [[   -12]],

         [[    82]],

         [[   321]],

         [[  -289]],

         [[  -167]],

         [[  -335]],

         [[   401]],

         [[    63]],

         [[  -297]],

         [[   -32]],

         [[    72]],

         [[   432]]],


        [[[  -142]],

         [[   -92]],

         [[   215]],

         [[  -210]],

         [[  -256]],

         [[  -367]],

         [[  -357]],

         [[    86]],

         [[    79]],

         [[   387]],

         [[  -120]],

         [[   306]],

         [[   593]],

         [[  -654]],

         [[   -31]],

         [[   140]]],


        [[[  -340]],

         [[  -676]],

         [[   -35]],

         [[   540]],

         [[   232]],

         [[  -292]],

         [[  -415]],

         [[   114]],

         [[  -409]],

         [[   -25]],

         [[  -113]],

         [[   162]],

         [[  -149]],

         [[   601]],

         [[  -392]],

         [[   307]]],


        [[[   -84]],

         [[  -437]],

         [[   303]],

         [[   385]],

         [[   480]],

         [[    76]],

         [[   391]],

         [[   -59]],

         [[   -35]],

         [[  -437]],

         [[  -123]],

         [[   368]],

         [[  -564]],

         [[  -551]],

         [[   351]],

         [[  -189]]]], device='cuda:0')
tensor([-101,  230,  390,  128,   77,    1,   45, -145,  169,  346,  197,  -39,
          70, -189,   54, -338], device='cuda:0', grad_fn=<MulBackward0>)
MaxPool2d(kernel_size=3, stride=2, padding=0, dilation=1, ceil_mode=False)
Sequential(
  (0): Conv2d(16, 10, kernel_size=(3, 3), stride=(1, 1), padding=(1, 1))
  (1): ReLU()
  (2): Conv2d(10, 10, kernel_size=(3, 3), stride=(1, 1), padding=(1, 1))
  (3): ReLU()
  (4): Conv2d(10, 10, kernel_size=(1, 1), stride=(1, 1))
  (5): ReLU()
  (6): Conv2d(10, 10, kernel_size=(1, 1), stride=(1, 1))
  (7): ReLU()
)
tensor([[[[     0,    113,     45],
          [  -362,   -407,    139],
          [  -300,   -450,    329]],

         [[  -100,    119,     67],
          [   112,    -36,    197],
          [    35,   -118,     62]],

         [[   312,    115,     97],
          [    81,    264,     92],
          [  -103,     87,     90]],

         [[   142,     65,   -161],
          [    22,   -159,    197],
          [  -256,   -217,    577]],

         [[   151,    144,   -183],
          [   118,     58,   -118],
          [    86,    254,    -46]],

         [[   -42,    204,    -35],
          [    20,    -82,   -242],
          [  -349,   -186,      2]],

         [[   111,    185,    -74],
          [  -104,     79,    176],
          [  -234,   -260,    273]],

         [[    18,    -27,    130],
          [   267,    224,    100],
          [  -114,    109,   -130]],

         [[   -68,   -402,   -140],
          [    12,     35,     78],
          [   -72,    133,   -171]],

         [[   121,   -285,    134],
          [    25,     22,   -393],
          [   190,     45,   -167]],

         [[  -123,   -201,   -255],
          [   -74,    199,    -93],
          [   -84,    308,   -308]],

         [[     2,    107,    -87],
          [   129,    -51,   -246],
          [   -49,     30,   -245]],

         [[   166,    260,   -375],
          [  -197,   -124,    131],
          [  -164,    -96,    384]],

         [[   -79,    -16,    285],
          [    -6,   -180,     71],
          [   235,    146,   -202]],

         [[  -115,    308,     23],
          [    49,    -64,    -55],
          [   272,   -262,      4]],

         [[  -189,     74,    -77],
          [   -44,    242,    268],
          [    -8,     15,   -251]]],


        [[[    -2,    131,   -110],
          [   106,    -48,   -155],
          [   387,   -103,   -142]],

         [[   -71,   -129,    103],
          [    32,    185,      3],
          [    69,    123,   -205]],

         [[    46,    -81,     22],
          [   -60,    130,    109],
          [   -35,   -177,   -163]],

         [[   -76,    -64,    -77],
          [   -61,   -205,   -371],
          [   358,    203,   -385]],

         [[   218,    249,     60],
          [   -53,    119,    153],
          [   -38,   -273,    -31]],

         [[  -170,   -161,   -287],
          [   -32,    -12,   -204],
          [   -83,   -202,    -75]],

         [[   195,   -239,    -81],
          [   -81,   -177,   -100],
          [     4,    203,   -201]],

         [[   115,    167,   -103],
          [   173,   -114,   -145],
          [   -97,     42,   -141]],

         [[   -42,     -9,    -68],
          [   186,    248,    184],
          [  -147,     45,    -56]],

         [[  -426,    629,   -454],
          [   -64,    -68,   -290],
          [    94,   -166,   -195]],

         [[   -39,   -281,     47],
          [   100,    388,     27],
          [    54,    205,     74]],

         [[  -106,    316,   -179],
          [  -199,    -20,    -92],
          [   242,   -245,   -107]],

         [[    -5,   -161,   -227],
          [   154,     59,   -364],
          [   448,    353,   -443]],

         [[  -367,    135,   -187],
          [   -70,    224,    -30],
          [    92,     15,    -84]],

         [[    96,    -42,     52],
          [    52,    -31,    121],
          [    78,   -167,    -58]],

         [[    58,    141,     16],
          [    35,    296,    170],
          [  -190,    -68,    -11]]],


        [[[   -41,   -184,    -18],
          [   -29,   -175,     70],
          [  -195,     15,    177]],

         [[   -55,    -67,    -51],
          [  -115,     30,    -50],
          [  -119,      4,    170]],

         [[    37,    122,     76],
          [   -40,     75,    186],
          [   -99,     32,   -186]],

         [[   -60,   -128,     26],
          [  -153,   -262,   -300],
          [  -282,    300,      4]],

         [[    66,   -128,    -19],
          [   -15,   -157,    141],
          [  -195,   -289,     55]],

         [[  -155,    -43,    113],
          [  -184,   -101,    -71],
          [  -355,   -245,     78]],

         [[  -103,   -281,   -277],
          [   -11,   -189,   -185],
          [  -298,    257,    148]],

         [[  -145,    -44,     20],
          [   159,    138,    250],
          [   144,    -62,    188]],

         [[  -207,    -32,   -152],
          [  -206,     31,     63],
          [     7,    173,   -141]],

         [[   105,    178,    223],
          [    -1,   -287,    185],
          [    91,   -415,     78]],

         [[    64,    107,    -73],
          [    -6,     32,    149],
          [   101,     30,     71]],

         [[   -60,    -38,    243],
          [    -2,     87,    332],
          [    25,      3,   -193]],

         [[   -51,   -113,    -60],
          [   -58,   -312,   -174],
          [  -179,    364,    160]],

         [[  -213,     54,    -96],
          [    64,   -238,     22],
          [    48,   -151,     26]],

         [[   -28,    -76,     68],
          [  -154,    -72,      7],
          [   174,    119,   -106]],

         [[    -8,   -135,    162],
          [    80,    134,    174],
          [  -112,     70,    -25]]],


        [[[   -34,    151,   -104],
          [   -69,    406,     28],
          [  -152,   -346,   -114]],

         [[   -90,     57,    277],
          [  -123,    109,     67],
          [    -8,     -8,     37]],

         [[   239,     41,   -155],
          [    70,    -69,    -91],
          [   293,    -54,    149]],

         [[  -147,    354,    278],
          [  -221,   -210,    359],
          [  -325,   -106,   -280]],

         [[    43,   -138,   -293],
          [   -37,    103,    -18],
          [   257,    179,    -98]],

         [[   -99,    -75,    -41],
          [  -472,     -1,     50],
          [  -257,   -205,     24]],

         [[    71,    416,    333],
          [  -282,   -292,    225],
          [    30,    225,   -392]],

         [[   -67,   -100,   -125],
          [   125,   -135,   -192],
          [   -21,   -163,     39]],

         [[  -401,     66,     85],
          [  -335,   -107,    134],
          [   -48,    -85,    122]],

         [[   171,   -419,    383],
          [   246,    354,    119],
          [   -36,    -72,    307]],

         [[   -67,     32,    106],
          [  -314,   -294,   -100],
          [  -201,    -87,    226]],

         [[  -112,   -344,    112],
          [   165,    399,    -95],
          [   -11,    -82,    171]],

         [[   109,    523,    418],
          [  -552,   -184,    417],
          [  -219,   -140,   -465]],

         [[   107,     84,    162],
          [    53,    114,    -64],
          [   -39,    -88,    -35]],

         [[   -49,   -158,   -102],
          [  -225,    400,    -72],
          [  -159,   -123,    484]],

         [[  -216,     44,    199],
          [  -395,    -95,    139],
          [  -222,   -135,    329]]],


        [[[   384,    -44,    -52],
          [   193,    -24,    274],
          [  -116,    -96,   -160]],

         [[     2,     47,    -14],
          [    59,     36,     90],
          [    61,    163,     83]],

         [[    92,    -35,   -134],
          [   178,   -150,   -214],
          [   111,    203,   -202]],

         [[  -209,   -164,   -299],
          [  -110,    494,    -41],
          [  -226,    -21,      8]],

         [[  -338,   -103,      1],
          [    16,   -332,    -15],
          [   314,     93,    184]],

         [[   164,    -94,   -141],
          [   243,    261,   -125],
          [  -130,    179,     71]],

         [[  -137,   -172,     57],
          [  -203,    508,     82],
          [  -343,   -160,    181]],

         [[    68,    167,   -169],
          [   -76,    219,     37],
          [  -313,   -100,   -165]],

         [[   129,   -118,    -47],
          [     5,     57,    350],
          [   164,   -105,   -275]],

         [[  -203,     71,     99],
          [   -32,   -339,    460],
          [   146,     42,    164]],

         [[    75,     80,   -145],
          [  -107,     25,     33],
          [   373,     14,   -438]],

         [[   -35,   -121,   -149],
          [  -145,   -142,    170],
          [   174,     68,    -65]],

         [[  -150,   -135,   -168],
          [  -365,    906,    265],
          [  -497,   -237,   -182]],

         [[  -251,     59,     44],
          [   110,    113,    149],
          [    -4,    101,   -333]],

         [[   124,     95,    374],
          [     3,   -311,    172],
          [  -163,      6,    199]],

         [[   133,     97,   -231],
          [  -157,   -145,    267],
          [   250,   -193,   -141]]],


        [[[  -146,    -53,    -97],
          [   -10,    175,    -43],
          [   -75,    -80,    198]],

         [[   -69,   -215,    119],
          [   100,    -47,      5],
          [    23,    144,     -4]],

         [[    41,     81,     15],
          [   -98,      2,    107],
          [    60,    173,    231]],

         [[  -363,    -68,   -130],
          [   100,    -53,   -273],
          [   331,     75,    -17]],

         [[   -25,     46,    153],
          [   134,    200,     66],
          [   -39,      6,    108]],

         [[  -121,   -122,   -102],
          [   -82,     81,    136],
          [   124,     48,    151]],

         [[  -434,   -373,     23],
          [   147,     -3,   -166],
          [   367,     -3,    322]],

         [[    56,    -55,   -254],
          [  -262,     87,   -317],
          [   -44,     75,     -7]],

         [[   182,    215,     51],
          [    94,     -7,   -258],
          [    -2,    207,    -47]],

         [[    54,     41,     62],
          [    83,    451,    139],
          [    88,   -113,   -102]],

         [[   319,    -82,   -122],
          [   -47,     41,   -131],
          [  -223,     -1,   -139]],

         [[    73,     56,    -62],
          [    23,    298,   -264],
          [    84,   -161,     39]],

         [[  -322,   -264,   -352],
          [    71,     28,   -384],
          [   373,    294,     23]],

         [[   -72,     16,   -115],
          [  -231,   -100,    192],
          [   185,   -161,    139]],

         [[   186,     95,    -53],
          [    22,     48,     31],
          [  -166,   -384,    198]],

         [[   -17,   -146,    -67],
          [  -117,    -57,   -209],
          [  -135,    139,    -17]]],


        [[[  -138,     93,   -187],
          [   311,     -3,     31],
          [    79,    -99,   -326]],

         [[   -78,    -72,   -166],
          [   110,     54,    167],
          [   155,    -13,    -82]],

         [[   -63,    -40,     66],
          [     8,    -95,      3],
          [   -43,      9,   -123]],

         [[  -126,   -204,   -239],
          [    43,     37,   -179],
          [   -48,   -142,    -72]],

         [[   -31,     30,   -222],
          [   224,   -199,    -48],
          [   168,   -151,     67]],

         [[  -201,     68,   -151],
          [   103,    247,    141],
          [   249,     23,   -202]],

         [[    84,    103,   -255],
          [   381,     71,   -109],
          [   225,    -67,   -172]],

         [[    11,     19,    -79],
          [    83,   -138,   -166],
          [   -46,    -67,     20]],

         [[  -122,    -17,     96],
          [    73,    130,     66],
          [  -106,    182,    -29]],

         [[  -169,   -258,   -124],
          [   -36,    214,     -6],
          [   260,    -36,    119]],

         [[   -58,    187,   -135],
          [   -30,    -51,    -19],
          [  -248,    227,    -39]],

         [[  -182,    -80,     91],
          [   102,    187,    134],
          [  -100,     71,    260]],

         [[   184,   -241,   -421],
          [   525,    -44,    -96],
          [   117,   -145,   -441]],

         [[   285,   -140,     -4],
          [   131,    117,    164],
          [   -35,   -108,     21]],

         [[  -278,    134,     24],
          [   153,    223,    106],
          [    47,     87,   -216]],

         [[    12,     98,     -6],
          [    67,    256,     44],
          [  -117,     29,    -39]]],


        [[[  -164,    195,    191],
          [    37,   -252,   -454],
          [  -167,     71,    136]],

         [[   -77,   -101,    208],
          [   -88,    -23,     20],
          [   -86,     92,    -25]],

         [[    -1,   -130,    229],
          [    50,     43,    101],
          [   227,    120,    109]],

         [[  -139,     29,    375],
          [  -349,   -256,    -24],
          [  -188,   -468,    211]],

         [[   -28,    -26,   -255],
          [   -92,    418,     45],
          [   107,     29,   -128]],

         [[  -103,    -43,     47],
          [   -96,    356,    -63],
          [   225,    128,   -115]],

         [[  -355,    192,    139],
          [  -384,   -558,    408],
          [   116,   -492,    262]],

         [[  -192,     97,    -40],
          [  -154,     52,     53],
          [   169,    114,    -98]],

         [[   -62,   -140,     55],
          [   -64,   -131,     87],
          [   326,    107,    244]],

         [[  -158,     63,     -1],
          [   101,    339,    -65],
          [   219,    305,   -197]],

         [[  -158,   -367,    -93],
          [    10,   -253,   -172],
          [   144,    -22,     18]],

         [[  -139,   -155,     93],
          [   -48,     85,   -200],
          [   347,    118,    141]],

         [[  -170,    224,    389],
          [  -572,   -634,    229],
          [  -232,   -617,    307]],

         [[    71,     76,   -127],
          [  -101,     89,    -76],
          [  -149,    114,    114]],

         [[  -163,     43,   -138],
          [  -209,    473,   -121],
          [   -32,   -174,    -96]],

         [[    46,   -127,   -104],
          [     0,   -271,    -91],
          [   105,    189,    -62]]],


        [[[   177,   -199,   -151],
          [    45,   -461,   -156],
          [    67,    182,    558]],

         [[    59,    -82,     35],
          [  -156,   -175,    200],
          [  -104,   -151,     60]],

         [[    22,   -112,    235],
          [   -85,     42,    201],
          [    22,    119,    140]],

         [[    53,   -432,     14],
          [   144,   -546,    209],
          [   380,    307,    171]],

         [[   237,     -4,      2],
          [   102,     10,    340],
          [    16,     25,   -129]],

         [[    92,   -289,   -294],
          [   -90,    168,    -88],
          [  -371,    298,   -288]],

         [[   -68,   -167,    -29],
          [  -109,   -270,     68],
          [   228,     -1,    185]],

         [[    -8,     28,   -102],
          [   -10,    145,     58],
          [    32,    138,    126]],

         [[  -161,   -123,   -286],
          [   -43,    178,    145],
          [   -14,    233,    163]],

         [[  -178,    114,     81],
          [   316,   -226,   -258],
          [  -171,    122,    -97]],

         [[   -71,    130,   -151],
          [  -214,    -48,    -21],
          [  -288,    365,     62]],

         [[   -68,     -5,    119],
          [    81,   -137,   -180],
          [  -144,     69,     16]],

         [[   194,   -362,     26],
          [   -23,   -502,    106],
          [   413,    203,    272]],

         [[   -37,     30,   -145],
          [    88,    180,   -248],
          [   238,     39,     61]],

         [[   251,      3,   -169],
          [  -136,    -97,      4],
          [   129,   -197,   -167]],

         [[    86,   -201,   -174],
          [  -225,     11,   -106],
          [  -216,    348,     10]]],


        [[[  -161,     74,     34],
          [   -41,   -137,    162],
          [   -15,    132,    -96]],

         [[   135,     69,     89],
          [    57,     84,    -63],
          [   -67,   -144,    -25]],

         [[    -7,     51,     38],
          [   -61,     97,     73],
          [    48,    -89,   -151]],

         [[   -78,     -0,    -54],
          [  -172,    -65,    130],
          [    77,   -188,    -92]],

         [[    -4,    -61,   -143],
          [  -176,    -24,    -46],
          [  -139,    -48,    163]],

         [[    53,    -50,   -118],
          [    85,    128,    -60],
          [   -95,     35,    -23]],

         [[   -16,   -103,   -168],
          [  -166,     22,   -178],
          [    46,      3,    -56]],

         [[  -125,   -145,    -99],
          [  -102,    -49,    -84],
          [     0,    -19,    -30]],

         [[    33,     -9,   -118],
          [    44,   -165,   -115],
          [    52,   -137,   -132]],

         [[   -99,   -120,    120],
          [   -68,   -174,   -120],
          [   -81,   -190,     58]],

         [[    97,     78,     72],
          [   134,     17,    187],
          [   -11,   -135,     21]],

         [[  -177,   -134,   -142],
          [   -55,    -88,    -28],
          [   150,    119,    -24]],

         [[  -109,      6,   -160],
          [    83,    -10,     82],
          [    85,    -61,   -138]],

         [[   130,    125,     27],
          [   107,     49,      3],
          [    84,    -66,     47]],

         [[   -94,    159,    -35],
          [   -66,     54,     36],
          [    50,    -48,    112]],

         [[   129,     27,   -147],
          [   -70,     73,   -164],
          [   -35,    -74,     87]]]], device='cuda:0')
tensor([-54, 160,  87, -15, 138, 251,  40,  -4,  94, 114], device='cuda:0',
       grad_fn=<MulBackward0>)
tensor([[[[  -145,    -35,     66],
          [  -157,   -232,    283],
          [  -209,   -472,    361]],

         [[   -41,    -15,     46],
          [    51,     69,   -144],
          [    53,   -188,    129]],

         [[   -63,     33,    121],
          [  -224,    230,   -161],
          [  -166,    188,    132]],

         [[  -233,    105,    180],
          [   175,    -27,   -190],
          [   566,   -138,   -555]],

         [[  -114,    -22,    -18],
          [  -385,   -197,   -279],
          [  -525,    340,   -148]],

         [[  -248,    -40,   -163],
          [  -185,     16,     70],
          [   -63,    -46,    117]],

         [[  -128,   -157,    -47],
          [  -123,    -28,    -81],
          [    40,    122,     27]],

         [[   -84,     35,    331],
          [     6,   -158,    215],
          [  -208,   -175,      9]],

         [[  -141,    -58,    -49],
          [  -341,    202,    254],
          [   -78,   -176,    551]],

         [[    -8,    168,    174],
          [    99,   -166,     65],
          [    -1,    -64,     42]]],


        [[[   206,    288,    154],
          [  -279,   -440,    140],
          [  -159,   -153,    -87]],

         [[   148,   -195,   -265],
          [  -138,    -30,   -364],
          [  -157,    -61,   -177]],

         [[  -102,    191,    -33],
          [   338,   -254,   -125],
          [   280,    226,   -222]],

         [[    -9,      2,     71],
          [     8,   -382,     74],
          [  -320,   -308,    602]],

         [[  -453,   -315,     76],
          [  -251,   -311,     46],
          [    42,     94,    532]],

         [[  -110,   -205,     77],
          [    89,     34,   -177],
          [   -52,    371,     -8]],

         [[  -203,   -274,   -326],
          [   -71,    -65,    -81],
          [     1,     98,    -35]],

         [[   277,    278,    160],
          [    37,    -12,    445],
          [  -316,   -192,    278]],

         [[   319,    320,    237],
          [   148,    -95,    -59],
          [  -124,    127,   -197]],

         [[    36,   -146,   -103],
          [    75,    110,   -112],
          [    95,   -165,    139]]],


        [[[    75,    128,    -43],
          [    18,    250,    290],
          [   151,    -40,    183]],

         [[  -163,     23,    243],
          [  -112,   -416,   -260],
          [   145,    283,      2]],

         [[   -13,     24,    357],
          [    80,    181,    531],
          [   128,    262,    306]],

         [[  -219,   -287,   -104],
          [    17,   -372,     41],
          [   243,   -421,   -268]],

         [[   -69,   -249,   -126],
          [  -155,   -168,   -503],
          [   176,    -74,    278]],

         [[  -370,    -14,     24],
          [  -145,    -21,   -206],
          [   -84,    111,    198]],

         [[    26,   -404,     78],
          [   -43,    -81,   -278],
          [   360,    307,    383]],

         [[  -399,   -374,     82],
          [   223,    394,    -58],
          [  -260,    244,   -456]],

         [[  -358,   -273,    302],
          [  -146,   -266,    409],
          [   228,    134,    276]],

         [[  -184,   -206,    -69],
          [    22,    148,    -20],
          [   178,     74,    147]]],


        [[[  -173,   -142,   -186],
          [   117,   -114,   -339],
          [  -108,    745,    330]],

         [[    59,   -177,   -324],
          [  -113,    206,    -38],
          [   192,    471,    174]],

         [[    51,    227,    137],
          [   -44,     80,   -255],
          [  -124,    -27,   -173]],

         [[   550,    151,   -326],
          [  -351,    564,   -646],
          [  -231,    254,   -397]],

         [[    18,   -104,    -30],
          [  -183,    -18,   -135],
          [  -185,     81,    195]],

         [[    83,    -16,    232],
          [  -174,    -92,    352],
          [   190,   -162,     -5]],

         [[   -15,     89,    105],
          [   -28,   -288,    145],
          [    -8,   -304,   -230]],

         [[  -324,    -74,    198],
          [   296,    -79,    -17],
          [   677,    629,    158]],

         [[    96,    498,     -8],
          [  -172,    164,   -478],
          [   412,     93,    140]],

         [[   -10,     39,     91],
          [  -131,   -146,    -89],
          [   161,   -153,    -89]]],


        [[[    32,    171,    321],
          [  -425,   -249,   -149],
          [   146,   -444,    125]],

         [[   -97,     80,    189],
          [   288,    224,    663],
          [   214,   -498,    120]],

         [[   -78,     43,    -41],
          [   -13,     29,     62],
          [   173,    -63,   -110]],

         [[    10,     39,    -15],
          [  -130,   -302,    359],
          [   356,   -293,    339]],

         [[   -90,   -170,    -77],
          [   484,   -413,    150],
          [   576,   -455,   -250]],

         [[  -136,    -60,    -28],
          [    54,     90,   -176],
          [  -299,    -82,     85]],

         [[  -273,    -75,    508],
          [  -156,     58,    151],
          [   283,    -36,     32]],

         [[  -301,    336,   -199],
          [  -531,   -179,      2],
          [   240,     -0,    251]],

         [[   317,     56,   -320],
          [   -48,    -56,    300],
          [  -299,    392,    279]],

         [[   -21,     26,     33],
          [    20,    181,    -90],
          [   -20,   -129,   -169]]],


        [[[   287,   -157,     57],
          [  -221,   -172,     59],
          [  -322,   -318,    133]],

         [[   -23,    186,    -73],
          [    84,    492,    401],
          [   198,    -32,    365]],

         [[   129,    261,   -219],
          [  -110,     52,     52],
          [   -18,    255,     47]],

         [[  -282,   -441,    208],
          [   336,     29,    133],
          [   554,    315,   -478]],

         [[  -158,     89,    213],
          [  -430,   -361,    850],
          [  -304,   -537,    544]],

         [[   -19,    122,     71],
          [  -172,   -191,    197],
          [   -32,   -244,     21]],

         [[    -7,    318,     68],
          [  -420,   -295,   -284],
          [   119,    110,    -23]],

         [[    -2,   -328,    109],
          [   306,    353,   -114],
          [  -180,    293,   -260]],

         [[  -292,   -219,    -69],
          [  -176,    166,     15],
          [  -215,   -169,    183]],

         [[   -25,    184,    190],
          [     3,   -121,     58],
          [   -47,     68,      7]]],


        [[[  -137,   -207,    -80],
          [  -100,    -45,    175],
          [  -197,     37,   -171]],

         [[    57,     29,    469],
          [     9,    393,    213],
          [   159,   -220,    124]],

         [[   163,    160,    -94],
          [    93,    -60,    -77],
          [   -63,     31,     27]],

         [[    -4,   -150,   -226],
          [   -83,   -152,    -59],
          [  -354,    -51,   -132]],

         [[  -121,   -249,   -169],
          [  -278,   -241,    -62],
          [  -186,   -165,   -107]],

         [[   210,    304,    -85],
          [  -110,    -69,   -232],
          [    16,   -240,   -352]],

         [[   -42,    -15,   -126],
          [    43,   -203,   -200],
          [   139,    -27,   -305]],

         [[   148,   -189,     36],
          [  -148,    219,    -99],
          [    98,   -186,    151]],

         [[   -87,    -30,     30],
          [  -150,    278,     56],
          [   131,     58,   -107]],

         [[    29,    -19,     56],
          [   164,    212,    175],
          [   -81,    124,     -1]]],


        [[[  -164,   -422,   -275],
          [  -645,   -398,     55],
          [   125,     19,   -201]],

         [[   -20,   -240,   -227],
          [  -163,   -133,   -285],
          [  -101,    166,   -237]],

         [[    73,     85,   -226],
          [   351,     38,    110],
          [    54,    282,    -37]],

         [[  -176,     30,     42],
          [  -107,   -175,   -139],
          [  -288,   -330,    479]],

         [[    27,     44,    368],
          [  -407,   -444,    724],
          [   423,    149,    -23]],

         [[   111,    197,    131],
          [   898,    -96,    -91],
          [   -45,     88,    174]],

         [[   -79,   -188,   -302],
          [   -72,   -229,   -612],
          [    99,    152,   -194]],

         [[   113,   -101,    128],
          [   -15,    230,    322],
          [   -78,   -491,   -111]],

         [[    62,   -269,   -187],
          [    51,    255,    260],
          [   647,    -64,    188]],

         [[    92,     30,    100],
          [   138,   -108,     -7],
          [   -21,     99,   -128]]],


        [[[  -340,    -99,   -263],
          [  -155,   -108,    -68],
          [  -225,     34,     52]],

         [[   -32,    252,   -101],
          [   -20,   -200,    -25],
          [   154,   -230,    324]],

         [[  -240,    -88,    146],
          [   -81,   -222,    166],
          [  -152,    140,     12]],

         [[   190,    119,   -399],
          [   -67,    405,     72],
          [   238,    102,    324]],

         [[   -72,     58,   -306],
          [   174,    318,    104],
          [  -119,    190,    450]],

         [[   -77,    188,    238],
          [  -351,   -299,   -156],
          [   -82,     13,    364]],

         [[    77,     91,   -159],
          [   -14,    163,   -367],
          [  -129,   -132,     20]],

         [[  -142,   -199,      3],
          [  -600,   -514,   -149],
          [  -305,     -8,   -183]],

         [[   295,   -139,    197],
          [   -25,   -262,    615],
          [   -48,   -251,     47]],

         [[   151,     -0,     91],
          [  -126,     82,   -178],
          [    96,    -28,    163]]],


        [[[  -310,    410,    341],
          [  -243,    325,   -383],
          [    82,    -40,   -540]],

         [[    50,   -467,   -340],
          [  -126,    -18,    279],
          [    68,   -227,   -260]],

         [[   101,      8,     28],
          [   103,   -178,    -99],
          [   -76,    -74,    -56]],

         [[  -335,    -69,   -740],
          [  -335,    255,    204],
          [   474,     87,   -120]],

         [[   303,   -224,   -127],
          [   114,   -114,    578],
          [   257,    234,   -593]],

         [[  -129,    -97,   -275],
          [   314,    116,    204],
          [    48,    -99,   -142]],

         [[   130,   -422,   -310],
          [   265,    -25,     58],
          [  -292,   -112,    227]],

         [[  -450,    204,    -96],
          [   -54,    -70,   -131],
          [  -102,   -412,   -165]],

         [[  -505,    -66,    277],
          [  -419,    398,     43],
          [  -222,    221,     30]],

         [[    85,    -10,   -167],
          [   187,   -165,     15],
          [  -143,    -46,    114]]]], device='cuda:0')
tensor([-104,    4,  -16,    9,  108,    6,   75,  428,  -76,  136],
       device='cuda:0', grad_fn=<MulBackward0>)
tensor([[[[  -566]],

         [[  -690]],

         [[  -623]],

         [[   681]],

         [[   460]],

         [[  -347]],

         [[  -233]],

         [[   433]],

         [[   310]],

         [[ -1231]]],


        [[[   466]],

         [[  -785]],

         [[   337]],

         [[ -1058]],

         [[  -851]],

         [[   368]],

         [[   138]],

         [[  -410]],

         [[   428]],

         [[   469]]],


        [[[  1046]],

         [[  -676]],

         [[   522]],

         [[  -584]],

         [[  -196]],

         [[   347]],

         [[   484]],

         [[    49]],

         [[   234]],

         [[  -446]]],


        [[[   436]],

         [[   138]],

         [[  -618]],

         [[    25]],

         [[ -1040]],

         [[   707]],

         [[  -111]],

         [[   359]],

         [[ -1248]],

         [[   609]]],


        [[[  -263]],

         [[   280]],

         [[   808]],

         [[  -560]],

         [[  -547]],

         [[   443]],

         [[   482]],

         [[   376]],

         [[  -382]],

         [[  -562]]],


        [[[   451]],

         [[   632]],

         [[  -568]],

         [[ -1300]],

         [[   434]],

         [[   597]],

         [[  -433]],

         [[   470]],

         [[    -2]],

         [[ -1082]]],


        [[[   769]],

         [[   469]],

         [[   -85]],

         [[   -34]],

         [[  -453]],

         [[  -428]],

         [[  -382]],

         [[   881]],

         [[  -317]],

         [[  -501]]],


        [[[  -522]],

         [[  -281]],

         [[   583]],

         [[  -117]],

         [[    63]],

         [[   217]],

         [[  1036]],

         [[  -290]],

         [[  -500]],

         [[  -195]]],


        [[[  -213]],

         [[  -706]],

         [[  -738]],

         [[    -1]],

         [[  -460]],

         [[  -841]],

         [[   -26]],

         [[  1494]],

         [[   433]],

         [[   202]]],


        [[[   504]],

         [[  -743]],

         [[  -456]],

         [[  -172]],

         [[   378]],

         [[  -875]],

         [[   136]],

         [[   632]],

         [[  -860]],

         [[   759]]]], device='cuda:0')
tensor([-114,   11, -457, -265, -261,  433,  330, -258, -152,  323],
       device='cuda:0', grad_fn=<MulBackward0>)
tensor([[[[  678]],

         [[ -556]],

         [[ -584]],

         [[ -211]],

         [[  -17]],

         [[  -67]],

         [[ -434]],

         [[ -590]],

         [[  -21]],

         [[  856]]],


        [[[ -555]],

         [[ -134]],

         [[  221]],

         [[  103]],

         [[  -93]],

         [[ 1196]],

         [[-1085]],

         [[ -441]],

         [[   -9]],

         [[ -368]]],


        [[[  -13]],

         [[  984]],

         [[  239]],

         [[ -931]],

         [[  -91]],

         [[  -90]],

         [[  135]],

         [[ -495]],

         [[ -460]],

         [[  986]]],


        [[[  687]],

         [[  254]],

         [[ -495]],

         [[ 1214]],

         [[ -826]],

         [[ -356]],

         [[  -86]],

         [[ -280]],

         [[ -446]],

         [[ -492]]],


        [[[ -656]],

         [[  410]],

         [[  244]],

         [[  571]],

         [[   66]],

         [[ -333]],

         [[ -779]],

         [[  580]],

         [[  771]],

         [[   45]]],


        [[[ -302]],

         [[ -157]],

         [[ -766]],

         [[   44]],

         [[  260]],

         [[   83]],

         [[ 1327]],

         [[  130]],

         [[  104]],

         [[ -489]]],


        [[[ -731]],

         [[ -861]],

         [[ -541]],

         [[  298]],

         [[ -160]],

         [[ -680]],

         [[   61]],

         [[ -305]],

         [[   92]],

         [[ 1370]]],


        [[[ -745]],

         [[ -634]],

         [[  487]],

         [[ -203]],

         [[  716]],

         [[-1128]],

         [[ 1317]],

         [[ -455]],

         [[  -11]],

         [[ -813]]],


        [[[  456]],

         [[ -302]],

         [[  -21]],

         [[ -863]],

         [[ -680]],

         [[ -842]],

         [[  350]],

         [[  844]],

         [[ 1036]],

         [[   29]]],


        [[[  -95]],

         [[ -262]],

         [[  912]],

         [[ -403]],

         [[ -167]],

         [[  217]],

         [[ 1192]],

         [[ -334]],

         [[ -806]],

         [[ -429]]]], device='cuda:0')
tensor([-157,   71,  411,  142, -811,  -11,   97, -319, -388, -730],
       device='cuda:0', grad_fn=<MulBackward0>)
AdaptiveAvgPool2d(output_size=(1, 1))
Flatten(start_dim=1, end_dim=-1)
